%YAML:1.0
---
intrinsicMatrix: !!opencv-matrix
   rows: 3
   cols: 3
   dt: d
   data: [ 7.6214247015680655e+02, 0., 0., 0., 7.6259887672699267e+02,
       0., 6.3162936983083205e+02, 5.2941918356555948e+02, 1. ]
distortionCoefficients: !!opencv-matrix
   rows: 1
   cols: 5
   dt: d
   data: [ -4.6496696961358809e-02, 7.2179017279268107e-02, 0., 0., 0. ]
