%YAML:1.0
---
intrinsicMatrix: !!opencv-matrix
   rows: 3
   cols: 3
   dt: d
   data: [ 7.6257220270111134e+02, 0., 0., 0., 7.6209778633059807e+02,
       0., 6.3049267333365287e+02, 5.0156416619773626e+02, 1. ]
distortionCoefficients: !!opencv-matrix
   rows: 1
   cols: 5
   dt: d
   data: [ -3.6341498633693348e-02, 5.0082941884364719e-02, 0., 0., 0. ]
