%YAML:1.0
---
intrinsicMatrix: !!opencv-matrix
   rows: 3
   cols: 3
   dt: d
   data: [ 7.5868630145619466e+02, 0., 0., 0., 7.5836279437471069e+02,
       0., 6.3631260124709900e+02, 5.0838603498366581e+02, 1. ]
distortionCoefficients: !!opencv-matrix
   rows: 1
   cols: 5
   dt: d
   data: [ -3.3614067616715149e-02, 4.2613011488189564e-02, 0., 0., 0. ]
