%YAML:1.0
---
intrinsicMatrix: !!opencv-matrix
   rows: 3
   cols: 3
   dt: d
   data: [ 7.5832245459503622e+02, 0., 0., 0., 7.5825827129871504e+02,
       0., 6.3375678232553014e+02, 5.1432610005908202e+02, 1. ]
distortionCoefficients: !!opencv-matrix
   rows: 1
   cols: 5
   dt: d
   data: [ -4.2828651263700057e-02, 6.1569639762495916e-02, 0., 0., 0. ]
