%YAML:1.0
---
intrinsicMatrix: !!opencv-matrix
   rows: 3
   cols: 3
   dt: d
   data: [ 7.6338322415666346e+02, 0., 0., 0., 7.6307851204015037e+02,
       0., 6.4084366583842746e+02, 5.1794849846944862e+02, 1. ]
distortionCoefficients: !!opencv-matrix
   rows: 1
   cols: 5
   dt: d
   data: [ -3.4217444317685988e-02, 5.2403184396969914e-02, 0., 0., 0. ]
