%YAML:1.0
---
R: !!opencv-matrix
   rows: 3
   cols: 3
   dt: d
   data: [ 7.4037911059709360e-01, -2.8026149807304146e-01,
       6.1097648505430324e-01, 6.5132710123564264e-01,
       5.2380390158406898e-01, -5.4900134779550591e-01,
       -1.6616792647027734e-01, 8.0441467253100363e-01,
       5.7035537590997321e-01 ]
T: !!opencv-matrix
   rows: 3
   cols: 1
   dt: d
   data: [ 8.0312686304852761e+01, -3.7705904959703281e+02,
       1.8233645136678570e+02 ]
E: !!opencv-matrix
   rows: 3
   cols: 3
   dt: d
   data: [ -1.7927232576733368e+02, 1.1149738180034733e+02,
       -3.6173177278985105e+02, 8.5928936908563188e+01,
       1.6285244534476408e+02, -7.6105242431311396e+01,
       2.5665809000516828e+02, 2.8765687620188106e+02,
       1.9495828256109500e+00 ]
F: !!opencv-matrix
   rows: 3
   cols: 3
   dt: d
   data: [ -4.4401134275335314e-05, 2.7598500308244617e-05,
       -5.4847706061405779e-02, 2.1299291581010442e-05,
       4.0342239774096521e-05, -4.9188484702307037e-02,
       6.5877979285535820e-02, 1.6095659781046753e-02,
       9.9999999999999989e-01 ]
