%YAML:1.0
---
R: !!opencv-matrix
   rows: 3
   cols: 3
   dt: d
   data: [ 9.8829846518282971e-03, -2.5369592953609632e-02,
       9.9962928646960925e-01, 9.9994962967526624e-01,
       2.0008971941811726e-03, -9.8353710004299710e-03,
       -1.7506360756896489e-03, 9.9967613763847862e-01,
       2.5388089915234169e-02 ]
T: !!opencv-matrix
   rows: 3
   cols: 1
   dt: d
   data: [ -3.1434677390106107e+00, -5.1129548010194100e+02,
       5.3047481326658442e+02 ]
E: !!opencv-matrix
   rows: 3
   cols: 3
   dt: d
   data: [ -4.9764800586472427e+02, 3.9673551721966596e+00,
       -5.4328382806291313e+02, 8.3849768506825484e+00,
       5.3041717590653604e+02, -8.4886170374557335e-01,
       5.1328738793981659e+00, 5.1126343622679440e+02,
       -4.0375420009288057e+00 ]
F: !!opencv-matrix
   rows: 3
   cols: 3
   dt: d
   data: [ -1.1029245653344494e-04, 8.7874855833089089e-07,
       -2.2568260601324608e-02, 1.8583864790560802e-06,
       1.1748752363557009e-04, -6.3517346495856220e-02,
       7.1186238414186379e-02, 2.4380054065877912e-02,
       9.9999999999999989e-01 ]
