%YAML:1.0
---
R: !!opencv-matrix
   rows: 3
   cols: 3
   dt: d
   data: [ 9.9955358599607513e-01, -1.9027747216253742e-02,
       2.3034182387504445e-02, -1.9726419478672964e-02,
       -9.9934025437756224e-01, 3.0494661092399927e-02,
       2.2438740983796286e-02, -3.0935429792767640e-02,
       -9.9926948421664452e-01 ]
T: !!opencv-matrix
   rows: 3
   cols: 1
   dt: d
   data: [ -9.4327725322662548e-01, 1.2704170267696612e+02,
       1.1507266656225470e+03 ]
E: !!opencv-matrix
   rows: 3
   cols: 3
   dt: d
   data: [ 5.6054568538209094e+02, 1.8686324650791839e+00,
       -5.5741309839188284e+02, -3.9247777623676882e+01,
       -6.0324509461306957e+02, 1.0981220184579557e+01,
       1.9736757430713762e+01, -5.1341160112739396e+02,
       -4.3505209892959193e+01 ]
F: !!opencv-matrix
   rows: 3
   cols: 3
   dt: d
   data: [ 1.1445443643205113e-06, 3.8131642182242234e-09,
       -1.5923776206714206e-03, -8.0169666135814112e-08,
       -1.2314840913182667e-06, 7.1970431634158904e-04,
       -6.6118644417288957e-04, -1.6437714455808789e-04,
       9.9999999999999989e-01 ]
