%YAML:1.0
---
R: !!opencv-matrix
   rows: 3
   cols: 3
   dt: d
   data: [ -5.9157245367629785e-01, -5.6959575128045814e-01,
       5.7061608124434671e-01, 7.9918916802884987e-01,
       -3.2079678231409575e-01, 5.0831692688939367e-01,
       -1.0648335906027295e-01, 7.5673648291870599e-01,
       6.4498929422360740e-01 ]
T: !!opencv-matrix
   rows: 3
   cols: 1
   dt: d
   data: [ 7.0573183145845304e+00, -4.4246312905588456e+02,
       2.0851960054894531e+02 ]
E: !!opencv-matrix
   rows: 3
   cols: 3
   dt: d
   data: [ -1.3370469826560296e+02, -1.5801908111803021e+02,
       -4.4317837046874627e+02, -1.2738147105710325e+02,
       1.6305925172266987e+02, -2.6755762255193247e+01,
       -2.6576881744430318e+02, 3.5134777498652898e+02,
       -4.1774430001973180e+01 ]
F: !!opencv-matrix
   rows: 3
   cols: 3
   dt: d
   data: [ -1.6305154729947041e-06, -1.9258736459448374e-06,
       -2.0695353132273659e-03, -1.5531487077197175e-06,
       1.9869741938066596e-06, -3.1956177524463156e-04,
       -6.5479748101401772e-04, 3.4629397137406516e-03, 1. ]
