%YAML:1.0
---
R: !!opencv-matrix
   rows: 3
   cols: 3
   dt: d
   data: [ 2.9278337870321192e-02, -8.3291037982798022e-02,
       -9.9609506670964865e-01, -9.9923232171290710e-01,
       2.3511476316980917e-02, -3.1336523828105534e-02,
       2.6029717166821065e-02, 9.9624786748737582e-01,
       -8.2538720313990566e-02 ]
T: !!opencv-matrix
   rows: 3
   cols: 1
   dt: d
   data: [ -5.7064864044707420e+01, -5.1243912540987003e+02,
       6.0188791174176276e+02 ]
E: !!opencv-matrix
   rows: 3
   cols: 3
   dt: d
   data: [ 5.6056995372804863e+02, 1.9067874814663972e+00,
       -5.5733347888900971e+02, -3.9219751917352475e+01,
       -6.0321406993253947e+02, 1.0956911255624643e+01,
       1.9756357610353000e+01, -5.1338741621935492e+02,
       -4.3512103613364729e+01 ]
F: !!opencv-matrix
   rows: 3
   cols: 3
   dt: d
   data: [ 1.1446221467035450e-06, 3.8911199829851381e-09,
       -1.5923655111932577e-03, -8.0114395185023285e-08,
       -1.2314511283444785e-06, 7.1961453106943445e-04,
       -6.6123360759390488e-04, -1.6442622538770694e-04,
       9.9999999999999989e-01 ]
