%YAML:1.0
---
R: !!opencv-matrix
   rows: 3
   cols: 3
   dt: d
   data: [ 7.2335001238965657e-01, 4.0961204091693731e-01,
       -5.5586215513537618e-01, -6.8726980092285572e-01,
       5.0467108353002998e-01, -5.2246274334930698e-01,
       6.6520525519136148e-02, 7.5995070457529468e-01,
       6.4656782034073679e-01 ]
T: !!opencv-matrix
   rows: 3
   cols: 1
   dt: d
   data: [ -1.0934483690885055e+02, -4.2659654282850727e+02,
       1.6279930990657164e+02 ]
E: !!opencv-matrix
   rows: 3
   cols: 3
   dt: d
   data: [ 1.7044431607925506e+02, 1.4072069594102138e+02,
       -3.9954304712939256e+02, 5.6980226140866236e+01,
       -1.6901565277234840e+02, 8.1528348514806709e+01,
       2.6378965273042144e+02, -3.4837009838533072e+02,
       -5.4719259636952692e+01 ]
F: !!opencv-matrix
   rows: 3
   cols: 3
   dt: d
   data: [ 7.3863745174189850e-07, 6.0946220337910299e-07,
       -2.1088250353496407e-03, 2.4695039734710995e-07,
       -7.3206979750898630e-07, 5.0088695988480053e-04,
       2.7175344459843886e-04, -1.1538798487159608e-03,
       9.9999999999999989e-01 ]
