%YAML:1.0
---
R: !!opencv-matrix
   rows: 3
   cols: 3
   dt: d
   data: [ 7.1666465727511530e-01, -4.3090657450463626e-01,
       -5.4837149183871869e-01, -6.9039628017000920e-01,
       -5.4963478284437939e-01, -4.7037706344487740e-01,
       -9.8715476700240501e-02, 7.1569625508052814e-01,
       -6.9140011941245128e-01 ]
T: !!opencv-matrix
   rows: 3
   cols: 1
   dt: d
   data: [ 1.4370529429672255e+01, -4.0094797299788979e+02,
       9.3549859552925307e+02 ]
E: !!opencv-matrix
   rows: 3
   cols: 3
   dt: d
   data: [ 6.2298093335597184e+02, 7.0277929753786634e+02,
       -3.9231736504445882e+02, 6.7831916900818544e+02,
       -6.3910518302438686e+02, -8.2412404046380146e+01,
       2.8115288604332676e+02, -2.8471153192188507e+02,
       -2.9294836190140895e+01 ]
F: !!opencv-matrix
   rows: 3
   cols: 3
   dt: d
   data: [ 8.7703729054590520e-07, 9.8878590257963043e-07,
       -1.4983816372344555e-03, 9.5553734417958448e-07,
       -8.9975841304292558e-07, -2.1567551707308882e-04,
       -7.3039580753916835e-04, -4.7760623035933994e-04, 1. ]
