%YAML:1.0
---
R: !!opencv-matrix
   rows: 3
   cols: 3
   dt: d
   data: [ -6.8454284797210796e-01, 4.3819273984491608e-01,
       -5.8257034943210195e-01, -7.2676455608656676e-01,
       -4.7239383767778192e-01, 4.9865553455301492e-01,
       -5.6695408160900296e-02, 7.6474256117419237e-01,
       6.4183677506216941e-01 ]
T: !!opencv-matrix
   rows: 3
   cols: 1
   dt: d
   data: [ 6.9469915826920499e+01, -4.8271878279326330e+02,
       2.3818004858375821e+02 ]
E: !!opencv-matrix
   rows: 3
   cols: 3
   dt: d
   data: [ 1.7684888190399809e+02, -1.2819560546379333e+02,
       -4.9197308718450080e+02, -1.2257333564935310e+02,
       -2.0774237528967794e+02, -5.8092061808430252e+01,
       -3.0000047758993583e+02, -3.8364006203202530e+02,
       2.5758662936637709e+01 ]
F: !!opencv-matrix
   rows: 3
   cols: 3
   dt: d
   data: [ 3.5044952619268008e-07, -2.5388456499585889e-07,
       -8.2996313470836672e-04, -2.4299143007942652e-07,
       -4.1158548168815250e-07, 2.8361140820467212e-04,
       -5.4938948638067083e-04, -2.0823428918078515e-04, 1. ]
