%YAML:1.0
---
R: !!opencv-matrix
   rows: 3
   cols: 3
   dt: d
   data: [ -4.2037879285736834e-01, -5.9026436377686364e-01,
       -6.8910786628138010e-01, -9.0469847195197928e-01,
       2.1466839663502901e-01, 3.6801923092944477e-01,
       -6.9298956439009796e-02, 7.7814231368127040e-01,
       -6.2425330939869572e-01 ]
T: !!opencv-matrix
   rows: 3
   cols: 1
   dt: d
   data: [ 6.2111916000670092e+01, -3.6651441866882823e+02,
       9.2249468868032932e+02 ]
E: !!opencv-matrix
   rows: 3
   cols: 3
   dt: d
   data: [ 7.9708370951166717e+02, -3.3291481020639122e+02,
       -4.8903431261203957e+02, -3.4499539373890059e+02,
       -8.5743791479103163e+02, -2.5154350129563937e+01,
       -1.9073733946591966e+02, -3.1825156909826342e+02,
       2.2932843290338017e+01 ]
F: !!opencv-matrix
   rows: 3
   cols: 3
   dt: d
   data: [ 2.2635784560084000e-06, -9.4485406605089141e-07,
       -1.9879608850481489e-03, -9.7918277160589278e-07,
       -2.4321656613020753e-06, 1.8517031239043652e-03,
       -1.3791099634172441e-03, 1.1806144105424507e-03, 1. ]
