%YAML:1.0
---
R: !!opencv-matrix
   rows: 3
   cols: 3
   dt: d
   data: [ -3.2118036085034618e-01, 5.9890105809909655e-01,
       7.3359436912494380e-01, 9.4123737600100132e-01,
       1.1641773372603148e-01, 3.1704749374950880e-01,
       1.0447668554654371e-01, 7.9231586749343708e-01,
       -6.0109915013692294e-01 ]
T: !!opencv-matrix
   rows: 3
   cols: 1
   dt: d
   data: [ -7.5489382812149145e+01, -3.9475430995968617e+02,
       9.0035872964889484e+02 ]
E: !!opencv-matrix
   rows: 3
   cols: 3
   dt: d
   data: [ -8.2881533482971008e+02, -2.2997358746570825e+02,
       -4.7608202770739831e+02, -2.3379895552368140e+02,
       8.7138500777960985e+02, 4.8689892023869454e+01,
       -1.7199800296152529e+02, 3.6276920800417372e+02,
       -1.8568813919551125e+01 ]
F: !!opencv-matrix
   rows: 3
   cols: 3
   dt: d
   data: [ 7.1752507968075557e-06, 1.9897443023180619e-06,
       -2.4442958701944200e-03, 2.0249053159377512e-06,
       -7.5424465197172945e-06, 2.3927326807398515e-03,
       -4.6156963982127777e-03, 2.2478895381562166e-04, 1. ]
