%YAML:1.0
---
R: !!opencv-matrix
   rows: 3
   cols: 3
   dt: d
   data: [ 6.9822471448055801e-01, 5.8002836092390486e-01,
       4.1958235021562962e-01, 7.0393369687700524e-01,
       -4.4966319390177428e-01, -5.4980029324394475e-01,
       -1.3022902322299471e-01, 6.7924230770321103e-01,
       -7.2226746357315652e-01 ]
T: !!opencv-matrix
   rows: 3
   cols: 1
   dt: d
   data: [ 1.3505279471668899e+02, -3.3924927310907458e+02,
       9.2665012653607437e+02 ]
E: !!opencv-matrix
   rows: 3
   cols: 3
   dt: d
   data: [ -6.7982636136469785e+02, 6.0319980536585877e+02,
       -3.8439125837430737e+02, 5.9034425101360614e+02,
       7.2655231542273339e+02, -2.3132501359768256e+01,
       3.1520667801203416e+02, 1.7808072396484064e+02,
       4.7553470479026110e+01 ]
F: !!opencv-matrix
   rows: 3
   cols: 3
   dt: d
   data: [ -2.1557296336218952e-06, 1.9116020405607458e-06,
       -5.7939576971077582e-04, 1.8727803914432725e-06,
       2.3035010172492922e-06, -2.4583501411209849e-03,
       1.1779450354689495e-03, -1.9592749915686553e-03, 1. ]
