%YAML:1.0
---
intrinsicMatrix: !!opencv-matrix
   rows: 3
   cols: 3
   dt: d
   data: [ 7.6329940121791867e+02, 0., 0., 0., 7.6269344453858639e+02,
       0., 6.3679569943869694e+02, 5.1257939869537006e+02, 1. ]
distortionCoefficients: !!opencv-matrix
   rows: 1
   cols: 5
   dt: d
   data: [ -4.3641864799518898e-02, 6.7891401279186900e-02, 0., 0., 0. ]
R: !!opencv-matrix
   rows: 3
   cols: 3
   dt: d
   data: [ 7.4037911059709360e-01, -2.8026149807304146e-01,
       6.1097648505430324e-01, 6.5132710123564264e-01,
       5.2380390158406898e-01, -5.4900134779550591e-01,
       -1.6616792647027734e-01, 8.0441467253100363e-01,
       5.7035537590997321e-01 ]
T: !!opencv-matrix
   rows: 3
   cols: 1
   dt: d
   data: [ 8.0312686304852761e+01, -3.7705904959703281e+02,
       1.8233645136678570e+02 ]
