%YAML:1.0
---
intrinsicMatrix: !!opencv-matrix
   rows: 3
   cols: 3
   dt: d
   data: [ 7.6338322415666346e+02, 0., 0., 0., 7.6307851204015037e+02,
       0., 6.4084366583842746e+02, 5.1794849846944862e+02, 1. ]
distortionCoefficients: !!opencv-matrix
   rows: 1
   cols: 5
   dt: d
   data: [ -3.4217444317685988e-02, 5.2403184396969914e-02, 0., 0., 0. ]
R: !!opencv-matrix
   rows: 3
   cols: 3
   dt: d
   data: [ 2.9278337870321192e-02, -8.3291037982798022e-02,
       -9.9609506670964865e-01, -9.9923232171290710e-01,
       2.3511476316980917e-02, -3.1336523828105534e-02,
       2.6029717166821065e-02, 9.9624786748737582e-01,
       -8.2538720313990566e-02 ]
T: !!opencv-matrix
   rows: 3
   cols: 1
   dt: d
   data: [ -5.7064864044707420e+01, -5.1243912540987003e+02,
       6.0188791174176276e+02 ]
