%YAML:1.0
---
intrinsicMatrix: !!opencv-matrix
   rows: 3
   cols: 3
   dt: d
   data: [ 7.6231046618817993e+02, 0., 0., 0., 7.6159426261909516e+02,
       0., 6.4714658789139219e+02, 5.1817102833332922e+02, 1. ]
distortionCoefficients: !!opencv-matrix
   rows: 1
   cols: 5
   dt: d
   data: [ -4.3011639348630344e-02, 5.6862945155946240e-02, 0., 0., 0. ]
R: !!opencv-matrix
   rows: 3
   cols: 3
   dt: d
   data: [ 9.9955358599607513e-01, -1.9027747216253742e-02,
       2.3034182387504445e-02, -1.9726419478672964e-02,
       -9.9934025437756224e-01, 3.0494661092399927e-02,
       2.2438740983796286e-02, -3.0935429792767640e-02,
       -9.9926948421664452e-01 ]
T: !!opencv-matrix
   rows: 3
   cols: 1
   dt: d
   data: [ -9.4327725322662548e-01, 1.2704170267696612e+02,
       1.1507266656225470e+03 ]
