%YAML:1.0
---
intrinsicMatrix: !!opencv-matrix
   rows: 3
   cols: 3
   dt: d
   data: [ 7.5444155065151483e+02, 0., 0., 0., 7.5486058711973635e+02,
       0., 6.5057992328520027e+02, 5.1285633234113322e+02, 1. ]
distortionCoefficients: !!opencv-matrix
   rows: 1
   cols: 5
   dt: d
   data: [ -3.9426272056642196e-02, 5.5796718158747795e-02, 0., 0., 0. ]
R: !!opencv-matrix
   rows: 3
   cols: 3
   dt: d
   data: [ -4.2037879285736834e-01, -5.9026436377686364e-01,
       -6.8910786628138010e-01, -9.0469847195197928e-01,
       2.1466839663502901e-01, 3.6801923092944477e-01,
       -6.9298956439009796e-02, 7.7814231368127040e-01,
       -6.2425330939869572e-01 ]
T: !!opencv-matrix
   rows: 3
   cols: 1
   dt: d
   data: [ 6.2111916000670092e+01, -3.6651441866882823e+02,
       9.2249468868032932e+02 ]
