%YAML:1.0
---
intrinsicMatrix: !!opencv-matrix
   rows: 3
   cols: 3
   dt: d
   data: [ 7.5832245459503622e+02, 0., 0., 0., 7.5825827129871504e+02,
       0., 6.3375678232553014e+02, 5.1432610005908202e+02, 1. ]
distortionCoefficients: !!opencv-matrix
   rows: 1
   cols: 5
   dt: d
   data: [ -4.2828651263700057e-02, 6.1569639762495916e-02, 0., 0., 0. ]
R: !!opencv-matrix
   rows: 3
   cols: 3
   dt: d
   data: [ 7.2335001238965657e-01, 4.0961204091693731e-01,
       -5.5586215513537618e-01, -6.8726980092285572e-01,
       5.0467108353002998e-01, -5.2246274334930698e-01,
       6.6520525519136148e-02, 7.5995070457529468e-01,
       6.4656782034073679e-01 ]
T: !!opencv-matrix
   rows: 3
   cols: 1
   dt: d
   data: [ -1.0934483690885055e+02, -4.2659654282850727e+02,
       1.6279930990657164e+02 ]
