%YAML:1.0
---
intrinsicMatrix: !!opencv-matrix
   rows: 3
   cols: 3
   dt: d
   data: [ 7.6026077349565867e+02, 0., 0., 0., 7.6024216975992249e+02,
       0., 6.4635935268326386e+02, 5.2044298282637430e+02, 1. ]
distortionCoefficients: !!opencv-matrix
   rows: 1
   cols: 5
   dt: d
   data: [ -3.8513451555135129e-02, 5.2897392463311925e-02, 0., 0., 0. ]
R: !!opencv-matrix
   rows: 3
   cols: 3
   dt: d
   data: [ 9.8829846518282971e-03, -2.5369592953609632e-02,
       9.9962928646960925e-01, 9.9994962967526624e-01,
       2.0008971941811726e-03, -9.8353710004299710e-03,
       -1.7506360756896489e-03, 9.9967613763847862e-01,
       2.5388089915234169e-02 ]
T: !!opencv-matrix
   rows: 3
   cols: 1
   dt: d
   data: [ -3.1434677390106107e+00, -5.1129548010194100e+02,
       5.3047481326658442e+02 ]
