%YAML:1.0
---
intrinsicMatrix: !!opencv-matrix
   rows: 3
   cols: 3
   dt: d
   data: [ 7.6022983204726654e+02, 0., 0., 0., 7.5990982839656021e+02,
       0., 6.5462016933730547e+02, 5.1885666349875260e+02, 1. ]
distortionCoefficients: !!opencv-matrix
   rows: 1
   cols: 5
   dt: d
   data: [ -4.4132327700829609e-02, 5.8871715458621937e-02, 0., 0., 0. ]
R: !!opencv-matrix
   rows: 3
   cols: 3
   dt: d
   data: [ -3.2118036085034618e-01, 5.9890105809909655e-01,
       7.3359436912494380e-01, 9.4123737600100132e-01,
       1.1641773372603148e-01, 3.1704749374950880e-01,
       1.0447668554654371e-01, 7.9231586749343708e-01,
       -6.0109915013692294e-01 ]
T: !!opencv-matrix
   rows: 3
   cols: 1
   dt: d
   data: [ -7.5489382812149145e+01, -3.9475430995968617e+02,
       9.0035872964889484e+02 ]
