%YAML:1.0
---
intrinsicMatrix: !!opencv-matrix
   rows: 3
   cols: 3
   dt: d
   data: [ 7.6257220270111134e+02, 0., 0., 0., 7.6209778633059807e+02,
       0., 6.3049267333365287e+02, 5.0156416619773626e+02, 1. ]
distortionCoefficients: !!opencv-matrix
   rows: 1
   cols: 5
   dt: d
   data: [ -3.6341498633693348e-02, 5.0082941884364719e-02, 0., 0., 0. ]
R: !!opencv-matrix
   rows: 3
   cols: 3
   dt: d
   data: [ 7.1666465727511530e-01, -4.3090657450463626e-01,
       -5.4837149183871869e-01, -6.9039628017000920e-01,
       -5.4963478284437939e-01, -4.7037706344487740e-01,
       -9.8715476700240501e-02, 7.1569625508052814e-01,
       -6.9140011941245128e-01 ]
T: !!opencv-matrix
   rows: 3
   cols: 1
   dt: d
   data: [ 1.4370529429672255e+01, -4.0094797299788979e+02,
       9.3549859552925307e+02 ]
