%YAML:1.0
---
intrinsicMatrix: !!opencv-matrix
   rows: 3
   cols: 3
   dt: d
   data: [ 7.6066658516651796e+02, 0., 0., 0., 7.6079178659481727e+02,
       0., 6.2863194121290962e+02, 5.0577723491441475e+02, 1. ]
distortionCoefficients: !!opencv-matrix
   rows: 1
   cols: 5
   dt: d
   data: [ -3.4758021202678291e-02, 5.0190336234648407e-02, 0., 0., 0. ]
R: !!opencv-matrix
   rows: 3
   cols: 3
   dt: d
   data: [ -5.9157245367629785e-01, -5.6959575128045814e-01,
       5.7061608124434671e-01, 7.9918916802884987e-01,
       -3.2079678231409575e-01, 5.0831692688939367e-01,
       -1.0648335906027295e-01, 7.5673648291870599e-01,
       6.4498929422360740e-01 ]
T: !!opencv-matrix
   rows: 3
   cols: 1
   dt: d
   data: [ 7.0573183145845304e+00, -4.4246312905588456e+02,
       2.0851960054894531e+02 ]
