%YAML:1.0
---
intrinsicMatrix: !!opencv-matrix
   rows: 3
   cols: 3
   dt: d
   data: [ 7.5868630145619466e+02, 0., 0., 0., 7.5836279437471069e+02,
       0., 6.3631260124709900e+02, 5.0838603498366581e+02, 1. ]
distortionCoefficients: !!opencv-matrix
   rows: 1
   cols: 5
   dt: d
   data: [ -3.3614067616715149e-02, 4.2613011488189564e-02, 0., 0., 0. ]
R: !!opencv-matrix
   rows: 3
   cols: 3
   dt: d
   data: [ 6.9822471448055801e-01, 5.8002836092390486e-01,
       4.1958235021562962e-01, 7.0393369687700524e-01,
       -4.4966319390177428e-01, -5.4980029324394475e-01,
       -1.3022902322299471e-01, 6.7924230770321103e-01,
       -7.2226746357315652e-01 ]
T: !!opencv-matrix
   rows: 3
   cols: 1
   dt: d
   data: [ 1.3505279471668899e+02, -3.3924927310907458e+02,
       9.2665012653607437e+02 ]
