%YAML:1.0
---
intrinsicMatrix: !!opencv-matrix
   rows: 3
   cols: 3
   dt: d
   data: [ 7.6370862558687747e+02, 0., 0., 0., 7.6340658607690887e+02,
       0., 6.2957838997887825e+02, 5.1550657182581256e+02, 1. ]
distortionCoefficients: !!opencv-matrix
   rows: 1
   cols: 5
   dt: d
   data: [ -4.0683224947133230e-02, 5.7970741526536050e-02, 0., 0., 0. ]
R: !!opencv-matrix
   rows: 3
   cols: 3
   dt: d
   data: [ -6.8454284797210796e-01, 4.3819273984491608e-01,
       -5.8257034943210195e-01, -7.2676455608656676e-01,
       -4.7239383767778192e-01, 4.9865553455301492e-01,
       -5.6695408160900296e-02, 7.6474256117419237e-01,
       6.4183677506216941e-01 ]
T: !!opencv-matrix
   rows: 3
   cols: 1
   dt: d
   data: [ 6.9469915826920499e+01, -4.8271878279326330e+02,
       2.3818004858375821e+02 ]
